78217 
78221 
78222 
78218 
78439 
78884 
78529 
78220 
78616 
79106 
78243 
78693 
78963 
79010 
79024 
78223 
79236 
79197 
79114 
79239 
79240 
78237 
78230 
78224 
78238 
78275 
78239 
78276 
78240 
78279 
78231 
78236 
78229 
78232 
78242 
78282 
78356 
78241 
78234 
78355 
78280 
78245 
78233 
78312 
78226 
78235 
78244 
78227 
78358 
78324 
78277 
78325 
78281 
78278 
78284 
78247 
78350 
78246 
78326 
78359 
78299 
78301 
78283 
78248 
78327 
78361 
78302 
78300 
78360 
78264 
78362 
78303 
78364 
78249 
78352 
78328 
78304 
78365 
78366 
78370 
78307 
78285 
78305 
78306 
78367 
78335 
78371 
78250 
78391 
78373 
78372 
78311 
78286 
78336 
78251 
78376 
78308 
78375 
78315 
78340 
78252 
78378 
78287 
78379 
78309 
78381 
78341 
78392 
78313 
78346 
78253 
78347 
78377 
78316 
78289 
78382 
78393 
78254 
78225 
78330 
78383 
78314 
78395 
78317 
78385 
78396 
78386 
78288 
78255 
78290 
78333 
78318 
78351 
78388 
78387 
78319 
78398 
78334 
78337 
78368 
78256 
78291 
78390 
78590 
78320 
78594 
78401 
78400 
78257 
78603 
78369 
78338 
78403 
78339 
78604 
78292 
78374 
78342 
78258 
78608 
78293 
78321 
78380 
78343 
78619 
78259 
78331 
78260 
78296 
78261 
78384 
78295 
78294 
78402 
78621 
78632 
78633 
78405 
78389 
78262 
78481 
78344 
78263 
78332 
78348 
78634 
78297 
78265 
78483 
78406 
78228 
78642 
78489 
78298 
78266 
78407 
78310 
78349 
78345 
78643 
78492 
78409 
78673 
78394 
78399 
78267 
78323 
78672 
78268 
78674 
78411 
78494 
78353 
78417 
78414 
78419 
78499 
78706 
78422 
78269 
78329 
78498 
78354 
78705 
78357 
78505 
78270 
78506 
78415 
78426 
78416 
78709 
78397 
78404 
78513 
78710 
78514 
78729 
78363 
78418 
78408 
78518 
78271 
78428 
78524 
78740 
78322 
78436 
78433 
78410 
78421 
78742 
78749 
78272 
78750 
78423 
78435 
78273 
78753 
78412 
78274 
78413 
78437 
78429 
78424 
78533 
78425 
78441 
78485 
78758 
78420 
78759 
78487 
78540 
78442 
78488 
78544 
78427 
78434 
78491 
78762 
78764 
78443 
78475 
78772 
78430 
78445 
78500 
78486 
78548 
78773 
78440 
78431 
78444 
78501 
78457 
78446 
78502 
78447 
78508 
78550 
78438 
78555 
78454 
78515 
78448 
78495 
78432 
78449 
78780 
78458 
78793 
78557 
78450 
78463 
78464 
78451 
78559 
78453 
78504 
78452 
78525 
78471 
78796 
78565 
78527 
78462 
78799 
78795 
78507 
78469 
78470 
78509 
78528 
78473 
78805 
78479 
78519 
78530 
78571 
78455 
78532 
78480 
78534 
78807 
78536 
78522 
78578 
78496 
78456 
78478 
78584 
78503 
78523 
78459 
78477 
78806 
78511 
78460 
78537 
78841 
78831 
78541 
78482 
78539 
78599 
78848 
78542 
78849 
78465 
78543 
78521 
78628 
78857 
78547 
78662 
78545 
78858 
78484 
78461 
78561 
78531 
78683 
78549 
78526 
78466 
78535 
78562 
78686 
78552 
78867 
78866 
78490 
78468 
78472 
78563 
78546 
78467 
78692 
78551 
78493 
78699 
78553 
78871 
78566 
78497 
78556 
78567 
78569 
78712 
78510 
78572 
78575 
78720 
78558 
78474 
78476 
78560 
78538 
78573 
78731 
78512 
78752 
78888 
78581 
78761 
78763 
78582 
78576 
78568 
78765 
78585 
78516 
78889 
78579 
78775 
78586 
78783 
78591 
78794 
78520 
78574 
78909 
78911 
78517 
78554 
78587 
78908 
78595 
78602 
78812 
78580 
78596 
78592 
78570 
78923 
78564 
78219 
78606 
78597 
78577 
78927 
78926 
78607 
78588 
78583 
78609 
78818 
78601 
78600 
78939 
78593 
78823 
78615 
78589 
78598 
78610 
78605 
78618 
78611 
78946 
78622 
78613 
78942 
78844 
78617 
78949 
78629 
78874 
78624 
78623 
78612 
78952 
78641 
78614 
78640 
78630 
78627 
78646 
78625 
78620 
78954 
78637 
78656 
78893 
78631 
78644 
78955 
78956 
78650 
78626 
78668 
78649 
78639 
78671 
78976 
78676 
78635 
78648 
78680 
78647 
78977 
78684 
78987 
78677 
78638 
78689 
78655 
78660 
78704 
78681 
78993 
78652 
78690 
78992 
78659 
78694 
78661 
78701 
78719 
78658 
79004 
78708 
78670 
78722 
78663 
78666 
79007 
78657 
78651 
78669 
78664 
78645 
78716 
78678 
78675 
79009 
78717 
79008 
78732 
78832 
78685 
78833 
78682 
79018 
78665 
78837 
78667 
78679 
78696 
78735 
79019 
79023 
78702 
78736 
78687 
79027 
78727 
78855 
78691 
78738 
79030 
78851 
78688 
78713 
78695 
78861 
78804 
78864 
78715 
78875 
78730 
78707 
78810 
78711 
78697 
78816 
79044 
78869 
78881 
78734 
78718 
78883 
78698 
78721 
78726 
78739 
78724 
78815 
78886 
78733 
78741 
78725 
78820 
78904 
78737 
78703 
78700 
78897 
78743 
78748 
78912 
79062 
78714 
78830 
79064 
78751 
78745 
78744 
79067 
78760 
78747 
78924 
78928 
78843 
78723 
78756 
78770 
79068 
78754 
78856 
78728 
78935 
78771 
78936 
78929 
78872 
78654 
79072 
78777 
78766 
79073 
78937 
78746 
78986 
78757 
78768 
78809 
78944 
78950 
78755 
78999 
78778 
78951 
78821 
78767 
78781 
78957 
78776 
78784 
79076 
79013 
78953 
78842 
78779 
78769 
79014 
78845 
78964 
79079 
78774 
78965 
78847 
79081 
78785 
78787 
78966 
79015 
79083 
78967 
78790 
78789 
78968 
79016 
78876 
78782 
78802 
78801 
78974 
79017 
79086 
78878 
78972 
79021 
79087 
78786 
79038 
79091 
78653 
79049 
78788 
79052 
78978 
78791 
79053 
78814 
78894 
78803 
78792 
78797 
78825 
79097 
79058 
79092 
78811 
78817 
79111 
79061 
78898 
78819 
78798 
79118 
79117 
79066 
78800 
78828 
78813 
78824 
78901 
79120 
78829 
78808 
79070 
79122 
78907 
79121 
79077 
79123 
78822 
78835 
79124 
78826 
79085 
78834 
78913 
79125 
78836 
78943 
78979 
79126 
78827 
79131 
78839 
79128 
79000 
78838 
79127 
79133 
78850 
78840 
78846 
78636 
78865 
78852 
79012 
78873 
79134 
78853 
78879 
78880 
78932 
78882 
78930 
78958 
78895 
78960 
79138 
78961 
79022 
78854 
79136 
78971 
78891 
78859 
78896 
79135 
78973 
79026 
78899 
78860 
78902 
79029 
78980 
78906 
78925 
78981 
79032 
78914 
78862 
79148 
79154 
78919 
78863 
78903 
78982 
78916 
79041 
78868 
78917 
78918 
78915 
78870 
79045 
78920 
78984 
78910 
78877 
79046 
79158 
78922 
78885 
78988 
79051 
78991 
78921 
78931 
79054 
78900 
78905 
78997 
78933 
78934 
78887 
79060 
78892 
78940 
79065 
79169 
79176 
78998 
78890 
78938 
78947 
79094 
78948 
78941 
79001 
79180 
78945 
79181 
79179 
79005 
79183 
79182 
79100 
79184 
78962 
78959 
79006 
79185 
79188 
79011 
79191 
78970 
78969 
79113 
79189 
79025 
79190 
79130 
79194 
78983 
78975 
79028 
78985 
78989 
79195 
79034 
79198 
79200 
79196 
78990 
79036 
79129 
79201 
79037 
78996 
79039 
78994 
79137 
79002 
79208 
79207 
78995 
79040 
79020 
79043 
79139 
79003 
79209 
79048 
79031 
79212 
79210 
79140 
79042 
79211 
79035 
79141 
79214 
79055 
79057 
79213 
79142 
79047 
79217 
79069 
79075 
79144 
79080 
79056 
79082 
79088 
79059 
79218 
79101 
79084 
79098 
79146 
79095 
79063 
79219 
79220 
79147 
79071 
79149 
79102 
79221 
79074 
79150 
79107 
79078 
79151 
79103 
79089 
79104 
79222 
79108 
79109 
79223 
79152 
79202 
79112 
79227 
79110 
79153 
79155 
79228 
79203 
79115 
79156 
79116 
79159 
79160 
79204 
79119 
79157 
79164 
79205 
79229 
79165 
79206 
79132 
79163 
79230 
79166 
79090 
79231 
79145 
79168 
79161 
79143 
79232 
79170 
79162 
79167 
79093 
79172 
79171 
79216 
79233 
79234 
79235 
79215 
79173 
79096 
79174 
79175 
79099 
79177 
79237 
79105 
79178 
79033 
79238 
79224 
79186 
79187 
79225 
79199 
79192 
79193 
79226 
79050 
